32,1,1.500740
32,1,1.491326
32,1,1.483919
32,1,1.528409
32,1,1.502086
32,2,1.038784
32,2,1.027336
32,2,1.046512
32,2,1.037391
32,2,1.064057
32,3,0.926595
32,3,0.935969
32,3,0.942285
32,3,0.928123
32,3,0.941214
32,4,0.689125
32,4,0.684654
32,4,0.699448
32,4,0.716593
32,4,0.688968
32,5,0.562561
32,5,0.554063
32,5,0.557449
32,5,0.544507
32,5,0.556668
32,6,0.423219
32,6,0.422226
32,6,0.421203
32,6,0.421338
32,6,0.422800
32,7,0.336410
32,7,0.337388
32,7,0.336717
32,7,0.337036
32,7,0.337167
32,8,0.265180
32,8,0.270990
32,8,0.265006
32,8,0.265056
32,8,0.270421
32,9,0.240988
32,9,0.231008
32,9,0.230935
32,9,0.231286
32,9,0.230408
32,10,0.222576
32,10,0.220559
32,10,0.220079
32,10,0.231336
32,10,0.219310
32,11,0.219808
32,11,0.217823
32,11,0.233321
32,11,0.230629
32,11,0.220033
32,12,0.216334
32,12,0.216534
32,12,0.216251
32,12,0.227326
32,12,0.216045
32,13,0.220454
32,13,0.220442
32,13,0.221174
32,13,0.221003
32,13,0.220663
32,14,0.238623
32,14,0.237826
32,14,0.225525
32,14,0.225214
32,14,0.225634
32,15,0.229096
32,15,0.228436
32,15,0.229208
32,15,0.227960
32,15,0.229076
32,16,0.226853
32,16,0.243405
32,16,0.232219
32,16,0.227256
32,16,0.227600
32,17,0.248645
32,17,0.230972
32,17,0.234212
32,17,0.230667
32,17,0.230606
32,18,0.243629
32,18,0.244546
32,18,0.244350
32,18,0.244490
32,18,0.264049
16,1,1.896404
16,1,1.873062
16,1,1.923114
16,1,1.871888
16,1,1.948624
16,2,1.316010
16,2,1.263760
16,2,1.260939
16,2,1.259587
16,2,1.293140
16,3,1.204241
16,3,1.184750
16,3,1.188664
16,3,1.193914
16,3,1.218550
16,4,0.801531
16,4,0.817049
16,4,0.781619
16,4,0.801148
16,4,0.814094
16,5,0.641887
16,5,0.640940
16,5,0.653774
16,5,0.641316
16,5,0.654851
16,6,0.499150
16,6,0.500717
16,6,0.513816
16,6,0.498834
16,6,0.548766
16,7,0.417509
16,7,0.417913
16,7,0.417892
16,7,0.438210
16,7,0.415689
16,8,0.348595
16,8,0.371210
16,8,0.349060
16,8,0.352573
16,8,0.352541
16,9,0.321708
16,9,0.322276
16,9,0.320458
16,9,0.321094
16,9,0.320718
16,10,0.307772
16,10,0.309581
16,10,0.308867
16,10,0.309538
16,10,0.308922
16,11,0.321841
16,11,0.315306
16,11,0.336520
16,11,0.349267
16,11,0.314012
16,12,0.321632
16,12,0.309714
16,12,0.308948
16,12,0.309760
16,12,0.310023
16,13,0.368476
16,13,0.314526
16,13,0.313395
16,13,0.314400
16,13,0.326893
16,14,0.311926
16,14,0.329534
16,14,0.311725
16,14,0.311385
16,14,0.312013
16,15,0.316682
16,15,0.315248
16,15,0.316514
16,15,0.313788
16,15,0.368476
16,16,0.309383
16,16,0.308957
16,16,0.319841
16,16,0.308997
16,16,0.310219
16,17,0.307711
16,17,0.306427
16,17,0.316155
16,17,0.307822
16,17,0.337775
16,18,0.324065
16,18,0.332363
16,18,0.321104
16,18,0.322786
16,18,0.330683
8,1,2.286336
8,1,2.226301
8,1,2.202201
8,1,2.261551
8,1,2.213231
8,2,1.539830
8,2,1.553512
8,2,1.524515
8,2,1.542180
8,2,1.518931
8,3,1.371184
8,3,1.411198
8,3,1.433512
8,3,1.474679
8,3,1.425140
8,4,0.994461
8,4,0.980948
8,4,1.026340
8,4,1.026196
8,4,1.025206
8,5,0.874292
8,5,0.893583
8,5,0.878615
8,5,0.878214
8,5,0.872668
8,6,0.765514
8,6,0.759084
8,6,0.758186
8,6,0.760815
8,6,0.756494
8,7,0.698960
8,7,0.700921
8,7,0.699546
8,7,0.702790
8,7,0.699277
8,8,0.629583
8,8,0.631406
8,8,0.628117
8,8,0.630439
8,8,0.632203
8,9,0.599401
8,9,0.598838
8,9,0.599271
8,9,0.597648
8,9,0.599199
8,10,0.590196
8,10,0.595205
8,10,0.586231
8,10,0.588999
8,10,0.590000
8,11,0.591745
8,11,0.591872
8,11,0.596530
8,11,0.591253
8,11,0.592379
8,12,0.587526
8,12,0.591348
8,12,0.589541
8,12,0.590073
8,12,0.591560
8,13,0.600037
8,13,0.598703
8,13,0.599740
8,13,0.603787
8,13,0.600362
8,14,0.605546
8,14,0.609439
8,14,0.606585
8,14,0.609240
8,14,0.609497
8,15,0.619294
8,15,0.617916
8,15,0.620875
8,15,0.618845
8,15,0.618977
8,16,0.605413
8,16,0.604906
8,16,0.604847
8,16,0.612582
8,16,0.605481
8,17,0.609704
8,17,0.611473
8,17,0.606446
8,17,0.611498
8,17,0.606889
8,18,0.638079
8,18,0.633707
8,18,0.635097
8,18,0.640912
8,18,0.643679
4,1,2.548889
4,1,2.528057
4,1,2.658694
4,1,2.540645
4,1,2.694263
4,2,1.746208
4,2,1.842976
4,2,1.730504
4,2,1.738995
4,2,1.857769
4,3,1.661905
4,3,1.713735
4,3,1.761746
4,3,1.676740
4,3,1.738568
4,4,1.450670
4,4,1.436238
4,4,1.480328
4,4,1.430479
4,4,1.327404
4,5,1.368515
4,5,1.331400
4,5,1.362041
4,5,1.379543
4,5,1.386658
4,6,1.303053
4,6,1.304250
4,6,1.309227
4,6,1.309433
4,6,1.304103
4,7,1.273812
4,7,1.271248
4,7,1.273349
4,7,1.269679
4,7,1.276856
4,8,1.185068
4,8,1.182794
4,8,1.186839
4,8,1.183180
4,8,1.186515
4,9,1.143398
4,9,1.145513
4,9,1.142566
4,9,1.144906
4,9,1.143061
4,10,1.141594
4,10,1.135852
4,10,1.136573
4,10,1.134389
4,10,1.137656
4,11,1.145907
4,11,1.143198
4,11,1.147771
4,11,1.144408
4,11,1.142459
4,12,1.154115
4,12,1.151604
4,12,1.148984
4,12,1.153452
4,12,1.155084
4,13,1.175478
4,13,1.170874
4,13,1.177001
4,13,1.173748
4,13,1.172376
4,14,1.196255
4,14,1.192351
4,14,1.192418
4,14,1.184001
4,14,1.194812
4,15,1.215572
4,15,1.203891
4,15,1.206554
4,15,1.212610
4,15,1.205845
4,16,1.181046
4,16,1.194067
4,16,1.183252
4,16,1.184587
4,16,1.183980
4,17,1.175501
4,17,1.193846
4,17,1.182982
4,17,1.174785
4,17,1.182320
4,18,1.255563
4,18,1.249394
4,18,1.258776
4,18,1.253269
4,18,1.248598
2,1,3.215113
2,1,3.020401
2,1,3.255247
2,1,3.218003
2,1,3.204673
2,2,2.919492
2,2,2.934953
2,2,2.795693
2,2,2.777556
2,2,2.797082
2,3,2.818039
2,3,2.845686
2,3,2.821225
2,3,2.832237
2,3,2.762353
2,4,2.442734
2,4,2.430653
2,4,2.435789
2,4,2.518274
2,4,2.437109
2,5,2.402131
2,5,2.405601
2,5,2.419342
2,5,2.400451
2,5,2.414368
2,6,1.629492
2,6,2.376787
2,6,2.384896
2,6,2.371438
2,6,2.392026
2,7,2.387504
2,7,2.388608
2,7,2.386656
2,7,2.394964
2,7,2.403551
2,8,2.232640
2,8,2.231176
2,8,2.233704
2,8,2.231104
2,8,2.245818
2,9,2.193261
2,9,2.194135
2,9,2.200326
2,9,2.198163
2,9,1.567634
2,10,2.190335
2,10,2.182985
2,10,2.184784
2,10,2.195470
2,10,2.185922
2,11,2.201681
2,11,2.204962
2,11,2.200319
2,11,2.207153
2,11,2.202549
2,12,2.240169
2,12,2.236983
2,12,2.247879
2,12,2.237465
2,12,2.243580
2,13,2.309479
2,13,2.307279
2,13,2.304474
2,13,2.314049
2,13,2.300754
2,14,2.363467
2,14,2.366196
2,14,2.356340
2,14,2.361458
2,14,2.357302
2,15,2.412940
2,15,2.437588
2,15,1.747388
2,15,2.416947
2,15,2.412862
2,16,2.451507
2,16,2.463258
2,16,2.445557
2,16,2.447317
2,16,2.441344
2,17,2.438889
2,17,2.429880
2,17,2.428414
2,17,2.426047
2,17,2.444849
2,18,2.622821
2,18,2.620826
2,18,2.765807
2,18,2.626713
2,18,2.620510
1,1,2.657454
1,1,2.659216
1,1,2.657055
1,1,2.657167
1,1,2.656040
1,2,2.657060
1,2,2.656336
1,2,2.657385
1,2,2.663721
1,2,2.658123
1,3,2.658867
1,3,2.652720
1,3,2.659418
1,3,2.722046
1,3,2.657127
1,4,2.655873
1,4,2.653243
1,4,2.656802
1,4,2.653714
1,4,2.655425
1,5,2.664183
1,5,2.665432
1,5,2.664820
1,5,2.665206
1,5,2.663919
1,6,2.705748
1,6,2.702710
1,6,2.702689
1,6,2.703383
1,6,2.699902
1,7,2.700214
1,7,2.713483
1,7,2.700817
1,7,2.699249
1,7,2.701063
1,8,2.636090
1,8,2.639387
1,8,2.645761
1,8,2.639914
1,8,2.633430
1,9,2.636632
1,9,2.639135
1,9,2.636389
1,9,2.636046
1,9,2.640885
1,10,2.663322
1,10,2.662915
1,10,2.660162
1,10,2.666029
1,10,2.660877
1,11,2.719007
1,11,2.714989
1,11,2.709223
1,11,2.713439
1,11,2.714374
1,12,2.791305
1,12,2.796190
1,12,2.791005
1,12,2.788618
1,12,2.789347
1,13,2.881741
1,13,2.890641
1,13,2.885615
1,13,2.879075
1,13,2.908247
1,14,3.004147
1,14,3.008397
1,14,3.001581
1,14,2.989308
1,14,3.005176
1,15,3.167969
1,15,3.150791
1,15,3.145392
1,15,3.147938
1,15,3.140785
1,16,3.312694
1,16,3.339639
1,16,3.268293
1,16,3.274880
1,16,3.263018
1,17,3.438465
1,17,3.410663
1,17,3.389837
1,17,3.393717
1,17,3.380715
1,18,3.892958
1,18,3.960780
1,18,3.892832
1,18,4.194592
1,18,3.955981
