1,1,2.673515
1,1,2.677021
1,1,2.672927
1,1,2.670498
1,1,2.674686
1,2,2.675050
1,2,2.675355
1,2,2.672796
1,2,2.678575
1,2,2.615036
1,3,2.614114
1,3,2.615177
1,3,2.615135
1,3,2.614698
1,3,2.615500
1,4,2.680182
1,4,2.674776
1,4,2.681380
1,4,2.673490
1,4,2.682433
1,5,2.680787
1,5,2.689678
1,5,2.682427
1,5,2.682164
1,5,2.678385
1,6,2.763951
1,6,2.759168
1,6,2.765294
1,6,2.764362
1,6,2.759593
1,7,2.753623
1,7,2.755955
1,7,2.752572
1,7,2.753398
1,7,2.755972
1,8,2.618407
1,8,2.617299
1,8,2.616501
1,8,2.616711
1,8,2.601275
1,9,2.614485
1,9,2.607013
1,9,2.609104
1,9,2.608046
1,9,2.612727
1,10,2.632995
1,10,2.630587
1,10,2.635071
1,10,2.636501
1,10,2.633904
1,11,2.701487
1,11,2.693068
1,11,2.695879
1,11,2.696739
1,11,2.697631
1,12,2.770099
1,12,2.770368
1,12,2.768701
1,12,2.771707
1,12,2.770213
1,13,2.864083
1,13,2.857029
1,13,2.862655
1,13,2.856340
1,13,2.861944
1,14,2.976806
1,14,2.972358
1,14,2.971636
1,14,2.982039
1,14,2.979274
1,15,3.213723
1,15,3.212523
1,15,3.215708
1,15,3.214061
1,15,3.221922
1,16,3.779303
1,16,3.782956
1,16,3.779721
1,16,3.784350
1,16,3.788533
1,17,4.357337
1,17,4.353303
1,17,4.361115
1,17,4.365283
1,17,4.358940
1,18,3.876312
1,18,3.872851
1,18,3.879465
1,18,3.882994
1,18,3.876068
2,1,1.874282
2,1,1.880304
2,1,1.906065
2,1,1.879498
2,1,1.876504
2,2,1.848490
2,2,1.873571
2,2,1.849796
2,2,1.847302
2,2,1.876346
2,3,1.833594
2,3,1.847592
2,3,1.863631
2,3,1.853028
2,3,1.844485
2,4,1.693850
2,4,1.699684
2,4,1.703230
2,4,1.704534
2,4,1.702386
2,5,1.644099
2,5,1.647363
2,5,1.643905
2,5,1.641439
2,5,1.645768
2,6,1.604952
2,6,1.599504
2,6,1.601646
2,6,1.605329
2,6,1.602196
2,7,1.599515
2,7,1.592534
2,7,1.593301
2,7,1.594178
2,7,1.597353
2,8,1.559729
2,8,1.565106
2,8,1.565575
2,8,1.564249
2,8,1.568029
2,9,1.554500
2,9,1.553329
2,9,1.555982
2,9,1.555128
2,9,1.552921
2,10,1.555399
2,10,1.554962
2,10,1.557907
2,10,1.554478
2,10,1.555442
2,11,1.560581
2,11,1.561247
2,11,1.561511
2,11,1.562526
2,11,1.560790
2,12,1.590445
2,12,1.588333
2,12,1.593061
2,12,1.588876
2,12,1.590886
2,13,1.629249
2,13,1.623919
2,13,1.631553
2,13,1.631400
2,13,1.630673
2,14,1.692785
2,14,1.690922
2,14,1.687381
2,14,1.689841
2,14,1.690577
2,15,1.750248
2,15,1.749814
2,15,1.749165
2,15,1.753227
2,15,1.749399
2,16,1.816917
2,16,1.819945
2,16,1.820723
2,16,1.675644
2,16,1.674272
2,17,2.383595
2,17,2.383251
2,17,2.377856
2,17,1.706441
2,17,2.384777
2,18,2.786801
2,18,2.776600
2,18,2.775902
2,18,2.772191
2,18,2.775315
4,1,1.538515
4,1,1.559320
4,1,1.521609
4,1,1.535019
4,1,1.534563
4,2,1.248562
4,2,1.237955
4,2,1.243733
4,2,1.248638
4,2,1.243423
4,3,1.192433
4,3,1.188358
4,3,1.194386
4,3,1.196652
4,3,1.197599
4,4,1.025935
4,4,1.015378
4,4,1.018663
4,4,1.015684
4,4,1.017678
4,5,0.961176
4,5,0.959103
4,5,0.962425
4,5,0.960074
4,5,0.959355
4,6,0.911154
4,6,0.911822
4,6,0.910501
4,6,0.912322
4,6,0.912280
4,7,0.885898
4,7,0.885534
4,7,0.884890
4,7,0.885487
4,7,0.885096
4,8,0.857033
4,8,0.856772
4,8,0.858403
4,8,0.857843
4,8,0.856506
4,9,0.845206
4,9,0.846547
4,9,0.845238
4,9,0.845616
4,9,0.846371
4,10,0.844131
4,10,0.842386
4,10,0.840789
4,10,0.841482
4,10,0.842698
4,11,0.849662
4,11,0.845542
4,11,0.848969
4,11,0.848490
4,11,0.847187
4,12,0.850598
4,12,0.849530
4,12,0.849882
4,12,0.850082
4,12,0.846771
4,13,0.867033
4,13,0.866743
4,13,0.866870
4,13,0.867352
4,13,0.866754
4,14,0.893487
4,14,0.893981
4,14,0.893465
4,14,0.893647
4,14,0.894400
4,15,0.898402
4,15,0.899124
4,15,0.898710
4,15,0.899363
4,15,0.899600
4,16,0.960999
4,16,0.960116
4,16,0.957907
4,16,0.958964
4,16,0.960623
4,17,0.890378
4,17,0.886290
4,17,0.889464
4,17,1.057430
4,17,0.889952
4,18,1.238487
4,18,1.239312
4,18,0.979481
4,18,1.239515
4,18,1.237665
8,1,1.567664
8,1,1.536410
8,1,1.538570
8,1,1.544411
8,1,1.541249
8,2,1.120930
8,2,1.116769
8,2,1.116178
8,2,1.124208
8,2,1.112467
8,3,1.013237
8,3,1.018959
8,3,1.019805
8,3,1.022103
8,3,1.034802
8,4,0.696506
8,4,0.707717
8,4,0.699421
8,4,0.706386
8,4,0.697532
8,5,0.605079
8,5,0.608199
8,5,0.607500
8,5,0.607237
8,5,0.610743
8,6,0.530982
8,6,0.527428
8,6,0.526356
8,6,0.526895
8,6,0.527121
8,7,0.489595
8,7,0.490543
8,7,0.489992
8,7,0.491569
8,7,0.490471
8,8,0.461565
8,8,0.459739
8,8,0.460777
8,8,0.460323
8,8,0.461236
8,9,0.448379
8,9,0.448056
8,9,0.447907
8,9,0.448038
8,9,0.448467
8,10,0.449662
8,10,0.450195
8,10,0.449864
8,10,0.450321
8,10,0.451439
8,11,0.451090
8,11,0.451679
8,11,0.446738
8,11,0.448247
8,11,0.448163
8,12,0.443118
8,12,0.443083
8,12,0.442675
8,12,0.441818
8,12,0.442274
8,13,0.447685
8,13,0.447043
8,13,0.447206
8,13,0.447285
8,13,0.448496
8,14,0.456082
8,14,0.453599
8,14,0.460227
8,14,0.459431
8,14,0.463194
8,15,0.476861
8,15,0.473254
8,15,0.473421
8,15,0.473873
8,15,0.477526
8,16,0.460267
8,16,0.452337
8,16,0.452199
8,16,0.458797
8,16,0.458674
8,17,0.454065
8,17,0.459063
8,17,0.457971
8,17,0.452695
8,17,0.452742
8,18,0.608176
8,18,0.612411
8,18,0.608412
8,18,0.607688
8,18,0.610533
16,1,1.272019
16,1,1.276361
16,1,1.294633
16,1,1.274237
16,1,1.266617
16,2,0.900827
16,2,0.907842
16,2,0.906928
16,2,0.905478
16,2,0.895084
16,3,0.779306
16,3,0.776120
16,3,0.793233
16,3,0.773070
16,3,0.782709
16,4,0.594889
16,4,0.588147
16,4,0.587787
16,4,0.588911
16,4,0.589021
16,5,0.479591
16,5,0.475860
16,5,0.477994
16,5,0.477815
16,5,0.478037
16,6,0.391044
16,6,0.391600
16,6,0.392314
16,6,0.390803
16,6,0.391029
16,7,0.344924
16,7,0.344255
16,7,0.345120
16,7,0.344774
16,7,0.344944
16,8,0.310621
16,8,0.309937
16,8,0.321623
16,8,0.309981
16,8,0.309693
16,9,0.306819
16,9,0.296397
16,9,0.294795
16,9,0.294706
16,9,0.294336
16,10,0.290619
16,10,0.292889
16,10,0.292707
16,10,0.291418
16,10,0.290833
16,11,0.310245
16,11,0.295857
16,11,0.295661
16,11,0.296780
16,11,0.296464
16,12,0.307891
16,12,0.310197
16,12,0.303926
16,12,0.297151
16,12,0.297626
16,13,0.308099
16,13,0.307371
16,13,0.307860
16,13,0.308344
16,13,0.307056
16,14,0.315293
16,14,0.315834
16,14,0.315365
16,14,0.316037
16,14,0.316896
16,15,0.335625
16,15,0.335090
16,15,0.335049
16,15,0.334693
16,15,0.339835
16,16,0.364656
16,16,0.349826
16,16,0.351533
16,16,0.364591
16,16,0.349709
16,17,0.326704
16,17,0.327504
16,17,0.327515
16,17,0.327694
16,17,0.327814
16,18,0.430757
16,18,0.427668
16,18,0.426590
16,18,0.353124
16,18,0.428738
